9.999999995999999669e-01 1.000000000000000036e-10 1.000000000000000036e-10 1.000000000000000036e-10 1.000000000000000036e-10 1.000000000000000036e-10
1.000000000000000036e-10 9.999999995999999669e-01 1.000000000000000036e-10 1.000000000000000036e-10 1.000000000000000036e-10 1.000000000000000036e-10
1.000000000000000036e-10 1.000000000000000036e-10 9.999999995999999669e-01 1.000000000000000036e-10 1.000000000000000036e-10 1.000000000000000036e-10
1.000000000000000036e-10 1.000000000000000036e-10 1.000000000000000036e-10 9.999999995999999669e-01 1.000000000000000036e-10 1.000000000000000036e-10
1.000000000000000036e-10 1.000000000000000036e-10 1.000000000000000036e-10 1.000000000000000036e-10 9.999999995999999669e-01 1.000000000000000036e-10
1.000000000000000036e-10 1.000000000000000036e-10 1.000000000000000036e-10 1.000000000000000036e-10 1.000000000000000036e-10 9.999999995999999669e-01
